RightAsc;Decl;  Mag B  ;  Mag V  ;  Mag R  
242.9988987;-19.46070448;4.05;4;3.9
326.7601843;-16.12728709;3.12;2.83;2.59
112.0408095;8.92552448;5.73;4.3;3.19
241.7017708;-20.66918885;3.92;3.97;3.91
257.59432;-15.7251822;3.36;3.26;10
167.91667;-60.30972;4.23;3.9;10
68.49907161;-55.04497896;3.18;3.28;3.29
69.07975799;-3.352460485;3.737;3.928;10
316.2327497;43.92785335;5.39;3.73;2.55
241.6480999;-36.80227053;4.027;4.201;10
62.16538987;47.71251056;4;4.03;3.91
335.8900971;52.22904672;5.46;4.44;3.67
63.88357029;8.892358769;4.205;4.279;10
322.1808363;-21.80717976;5.4;4.5;3.83
351.3449286;23.40410081;5.01;4.4;3.86
95.74011193;22.51358275;4.51;2.87;1.3
347.3616502;-21.17241521;4.87;3.64;2.8
130.1565467;-46.64874011;4.52;3.81;3.16
9.22021384;33.71934342;4.2;4.36;4.4
243.5864126;-3.694325785;4.34;2.75;1.46
14.30166783;23.41765002;5.36;4.42;3.69
37.03982108;8.460060225;4.25;4.3;4.29
109.6770208;-24.95436132;4.25;4.4;4.44
89.10122288;-14.16769954;4.05;3.72;3.39
270.1613158;2.931564834;3.96;3.93;3.84
10.12684601;56.53732922;3.4;2.23;1.45
6.43779316;-77.25424612;3.41;2.79;2.28
236.6108926;7.353068716;5.03;4.42;3.92
261.3249492;-55.52988169;4.31;2.85;10
125.6284741;-59.5094807;3.86;2.01;10
349.4758905;-9.182518757;4.26;4.4;4.47
98.7641148;-22.96479542;4.49;4.5;10
230.6702844;-44.68961518;3.191;3.366;10
222.9095954;-43.57536015;4.164;4.313;10
228.0712313;-52.0992487;4.33;3.41;10
41.04994423;49.22844852;4.62;4.11;3.67
217.9574555;30.37143657;4.89;3.59;2.67
135.9063651;47.15652473;3.55;3.55;10
242.998891;-19.4606906;4.359;4.349;10
44.56531816;-40.30467764;3.33;3.18;10
270.4383229;1.305085077;4.453;4.429;10
340.365503;10.83136331;3.33;3.41;3.43
60.22419835;-62.15928285;6.12;4.5;2.84
305.557091;40.25667916;2.9;2.23;1.74
112.307636;-43.30143539;4.77;3.25;2.04
73.51254745;66.34267601;4.34;4.29;4.18
188.3705972;69.78823886;3.75;3.89;3.84
69.17263542;41.26483482;5.5;4.26;3.31
337.4393048;-43.74921888;5.68;4.11;2.38
144.837547;-61.32804977;4.432;4.498;10
129.4140311;5.703787762;4.144;4.131;10
246.0257406;-20.03732005;5.53;4.5;3.72
66.37243633;17.92790651;4.369;4.298;6.18
74.63709287;1.714013537;5.853;4.459;10
129.6893227;3.341435188;5.63;4.43;3.54
122.3831256;-47.33658633;1.58;1.83;1.85
87.29348991;39.18107232;5.45;4.5;3.8
211.5929083;-26.68236158;4.41;3.28;2.4
343.6625261;-15.82081957;3.33;3.28;3.21
271.8856296;28.76249107;3.802;3.827;10
237.7397723;-33.62714676;3.909;3.946;10
178.2271729;-33.90812978;4.18;4.28;4.27
229.2517243;-9.38291441;2.51;2.62;2.67
111.7876739;8.289315763;2.8;2.89;2.9
209.5677757;-42.10075692;3.608;3.802;10
243.8594616;-63.6856815;4.943;3.839;10
281.4141231;-26.99078265;3.05;3.14;10
269.6256234;30.18927435;4.8;4.41;4.01
177.2649098;14.57205806;2.22;2.13;2.08
111.4316485;27.79807971;4.83;3.79;3.02
82.06134537;-20.75944389;3.66;2.84;2.19
156.9697074;-58.73940618;4.111;3.81;10
64.47359334;-33.79834789;3.44;3.56;3.57
260.2515605;-21.11293639;4.752;4.387;10
144.2064132;-49.3550255;4.52;4.35;4.2
351.5116078;-20.64201799;5.86;4.39;3.27
41.27582834;-18.57262283;4.94;4.46;4.03
103.1972453;33.96125676;3.7;3.6;3.5
154.9931436;19.84148867;3.13;1.98;1.13
83.40631655;-62.48982679;4.58;3.76;3.55
275.2485121;-29.82810226;4.069;2.668;10
187.7914984;-57.11321346;3.23;1.64;-0.02
17.14746389;-10.18226443;4.61;3.45;2.61
337.2079452;-0.01994285;4.06;3.65;10
253.5019647;10.16536138;4.3;4.38;10
79.89384295;-13.1767694;4.04;4.29;4.41
278.8017798;-8.244070511;5.17;3.83;2.86
265.868133;4.567303668;3.93;2.75;1.96
348.9728919;-9.087734712;5.36;4.25;3.46
210.4116398;1.544530608;4.331;4.237;10
289.0920557;38.13374205;5.64;4.38;3.51
93.71935536;22.50678733;4.89;3.28;1.79
115.9519567;-28.95482621;4.09;3.93;3.68
245.48006;19.15312828;4.03;3.76;3.47
248.3628438;-78.89714817;4.783;3.854;10
292.1763747;24.66490585;5.95;4.45;3.24
284.4325008;-21.10665759;4.69;3.51;2.71
321.6667944;-22.41132035;4.75;3.74;3.09
105.4297835;-27.93483034;5.2;3.47;2.15
284.7359273;32.68955574;3.2;3.25;3.27
283.6261779;36.89861991;5.97;4.3;2.52
155.2283155;-56.04323771;4.38;4.51;6.02
345.9435728;28.08278712;4.09;2.42;0.92
290.9715642;-40.6159372;3.841;3.943;10
116.3137339;-37.96858526;5.34;3.61;2.26
342.1387419;-51.31686481;3.556;3.466;10
15.73586826;7.890133181;5.24;4.28;3.5
280.7589014;-71.42811561;5.138;4.003;10
110.0307274;21.98230405;3.87;3.53;3.17
47.9073607;19.72667311;5.4;4.37;3.6
220.287116;13.72841686;4.59;4.51;10
187.0099255;-50.23063797;3.72;3.91;4.02
236.0669755;6.42563022;3.8;2.63;1.82
57.38032312;65.5259794;6.36;4.48;2.77
3.660070473;-18.93286335;6.12;4.46;3.06
97.24077556;20.2121349;4;4.14;4.17
134.8018881;48.04182286;3.36;3.13;10
244.5803759;-4.692513153;4.21;3.23;2.54
146.3117154;-62.50790286;5.09;3.75;10
308.3032203;11.30326639;3.9;4.03;4.05
139.1069393;-67.47656533;15.96;3.27;12.31
120.8960314;-40.0031478;1.98;2.25;2.36
347.5897011;-45.24670947;4.877;3.877;10
221.9654629;-79.04475355;5.247;3.798;10
40.16681187;-39.85537653;5.114;4.116;10
68.88765817;-30.56234204;4.8;3.82;3.07
95.07830017;-30.06336673;2.82;2.99;10
66.57692968;22.8135804;4.572;4.282;10
98.74408325;-52.97560928;4.37;4.4;10
236.5468966;15.4218193;3.73;3.67;3.61
146.4628067;23.77425378;3.79;2.98;2.36
264.3297077;-42.99782799;2.29;1.85;10
139.7110149;36.80259586;3.96;3.92;10
156.098773;-74.03161108;4.36;4.01;3.67
303.3494419;56.56772314;4.384;4.271;10
47.04221856;40.95564667;2.07;2.12;2.08
186.651842;-63.099522;1.41;1.58;10
33.25000133;8.846702351;5.23;4.35;3.68
320.5216646;19.80451042;5.2;4.09;3.3
159.3256268;-48.22566619;4.13;3.84;3.57
54.12241555;48.19263456;4.17;4.23;10
220.6267527;-64.97513301;3.43;3.19;2.96
257.5945287;-15.72490664;2.47;2.42;2.39
199.730407;-23.17151401;3.92;3;2.4
190.4147608;-1.449402127;3.85;3.49;10
17.43301617;35.62055765;3.62;2.05;0.81
326.0464839;9.875008653;3.91;2.39;1.34
227.9836386;-48.73782499;3.67;3.7;3.75
95.52843729;-33.43639895;4.73;3.85;3.18
140.2637509;34.39255929;4.69;3.14;1.91
231.2323909;58.96606586;4.45;3.29;2.51
56.21890454;24.11333785;3.59;3.7;3.71
218.0194653;38.30824808;3.21;3.02;2.88
253;-38.0333;10;2.51;10
113.6504186;31.88849199;10;3;10
163.3735671;-58.85317037;4.74;3.79;3.07
345.2200315;-52.75411086;5.086;4.115;10
319.9666227;-53.44942608;4.641;4.483;5.82
190.3792307;-48.95957685;2.91;2.88;10
54.21826544;0.401664472;5.15;4.3;4.09
206.8155757;17.45689154;4.98;4.49;4.09
197.4970217;17.52945526;4.77;4.32;4.1
334.2084862;-7.783288743;5.15;4.16;3.46
226.0175617;-25.28196958;4.91;3.21;1.6
51.08070872;49.86117929;2.27;1.79;10
283.0543076;-62.18759092;4.048;4.207;10
261.6286697;4.140359379;5.82;4.31;3.22
151.9761255;9.997506875;5.82;4.38;3.26
250.7240206;38.92225492;4.42;3.5;2.83
216.7301338;-83.66788473;5.615;4.304;10
155.5821987;41.49953826;4.64;3.05;1.76
70.56124685;22.95690281;4.138;4.258;10
206.4218497;-33.04371697;4.61;4.23;3.9
102.4638072;-53.62245041;5.323;4.408;10
284.2376208;-67.23349478;5.08;4.4;10
229.3785394;-58.80120702;4.153;4.057;10
12.17060131;7.585081917;5.95;4.44;3.27
132.6330108;-27.70984159;5.27;4.01;3.06
340.128577;44.27630746;5.79;4.46;3.54
4.856976645;-8.82391916;4.77;3.55;2.7
16.52103212;-46.718404;4.98;4.09;10
309.5845187;-1.10511725;5.29;4.33;3.66
345.9692217;3.82004564;4.4;4.52;4.54
26.01701307;-15.93747989;4.22;3.5;2.88
237.405029;-3.43020438;3.49;3.53;3.54
30.97480121;42.32972842;3.3;2.1;1.16
264.8661954;46.00633138;3.63;3.8;10
142.882117;63.06185995;4;3.67;3.33
160.7391749;-64.39445022;2.54;2.76;2.87
234.1800952;-66.31703763;5.27;4.104;10
64.12095061;-59.30215441;5.52;4.44;3.62
275.8068222;-61.49391192;5.834;4.367;10
233.2324256;31.35913227;4;4.13;4.18
83.18256716;-17.82228927;2.77;2.57;2.35
63.60612502;-62.47380349;4.27;3.36;2.71
287.3680896;-37.9044744;4.146;4.087;10
277.2077474;-49.07058832;5.12;4.11;10
260.9206005;37.14594279;4.17;4.17;10
119.5601607;-49.24491521;4.24;4.41;10
103.5331345;-24.18421097;5.6;3.87;2.7
283.8163604;-26.29672411;1.923;2.067;10
107.9660853;-0.49276717;4.14;4.15;10
201.2982474;-11.16131949;0.74;0.97;1.06
350.7426076;-20.10058209;5.08;3.98;3.16
108.485;-30.758;10;3.6;10
184.9764267;-0.666796198;3.92;3.9;3.82
41.03061566;-13.85868872;4.112;4.236;10
127.5661257;60.71816822;4.27;3.42;2.76
303.9422633;27.81419889;5.78;4.52;3.56
131.0997795;-42.64927746;4.917;4.046;10
295.2622456;17.47604241;5.43;4.38;3.66
154.2740802;42.91441381;3.48;3.45;3.37
113.9806251;26.8957445;5.6;4.06;2.82
98.22594959;7.332969698;4.5;4.5;4.4
249.0936313;-35.25533141;5.73;4.156;10
252.1662295;-69.02771185;3.33;1.88;10
346.7197103;-43.52035715;4.73;4.332;10
255.072389;30.92640423;3.91;3.92;3.93
119.1946671;-52.98234546;3.267;3.431;10
337.20787;-0.01996465;4.79;4.34;3.27
90.01395681;-3.074258471;5.74;4.52;3.59
213.3708653;51.78996746;4.7;4.5;10
240.4722707;58.56525054;4.52;4;3.56
250.7694107;-77.51743315;5.3;4.24;10
49.9818788;-43.069782;4.98;4.27;3.65
163.3278715;34.21489213;4.87;3.83;3
78.23292902;-16.2054635;3.18;3.29;3.3
28.66004579;20.80803147;2.78;2.65;2.51
57.29059607;24.05341713;3.54;3.63;3.62
56.29846973;42.57853043;4.22;3.8;3.4
61.17380367;22.08192967;5.44;4.37;3.58
262.6081737;52.30138871;3.79;2.81;2.12
94.13806452;-35.1405151;5.37;4.37;3.64
337.2927611;58.41519378;4.35;3.75;10
105.9395561;-15.633287;4;4.12;4.13
2.29452158;59.1497811;2.61;2.27;1.97
204.9719072;-53.46639115;2.08;2.3;2.45
355.511689;1.780042138;4.72;4.51;4.33
335.4140482;-1.387349194;3.791;3.834;10
17.3755086;47.24179659;4.54;4.294;10
286.1707585;-21.74149596;4.77;3.77;3.05
152.6470358;-12.35412748;4.61;3.61;2.84
108.7027251;-26.77266756;3.64;3.82;3.8
80.577;41.025;10;4.2;10
325.3689251;-77.39000876;4.745;3.728;5.46
269.0632541;37.25053667;5.23;3.88;2.98
84.22661905;9.290671253;5.04;4.09;3.33
253.6458543;-42.36131584;4.99;3.62;10
28.59889203;63.67010007;3.22;3.37;3.4
69.5450984;-14.3040279;4.96;3.87;3.03
309.3918007;-47.29150145;4.11;3.11;10
316.6503893;47.64840339;6.079;4.514;10
105.7561306;-23.83329397;2.94;3.02;3.01
83.78449002;9.93415587;3.48;3.66;3.72
132.1082112;5.837812491;4.309;4.337;10
307.3954386;62.99411033;4.42;4.22;4.05
196.7276642;-49.90624642;4.08;4.27;10
311.415638;30.71971454;5.29;4.23;3.46
233.2324295;31.3591431;4.14;4.3;10
290.65958;-44.45895838;3.91;4.01;10
218.6700724;29.74512713;4.84;4.47;4.13
193.2787764;-48.94331288;5.7;4.33;3.35
77.28660023;-8.754083776;4.07;4.27;4.35
288.8874388;73.35552175;5.7;4.45;3.55
99.44030261;-43.19593569;3.06;3.17;3.17
169.5455495;31.5292889;4.38;3.79;10
41.23557227;10.11414493;4.57;4.26;10
193.50729;55.95982296;1.75;1.77;1.79
130.8980726;-33.18638328;3.5;3.68;3.76
333.469698;39.71492468;5.88;4.49;3.48
68.37730105;-29.76649185;5.49;4.51;3.76
59.50735759;-13.50851481;4.54;2.94;1.68
285.4201203;-5.739089505;5.11;4.02;3.23
164.9436048;-18.29878622;5.16;4.07;3.27
311.6645826;16.12429395;5.26;4.25;4.1
76.62872559;41.23447574;3;3.18;3.23
302.2222864;77.71142099;4.35;4.4;10
309.9094985;15.91216001;3.74;3.8;3.77
275.3275021;-2.89882797;4.19;3.25;2.55
126.4151328;-3.906427219;3.88;3.9;3.87
87.45691694;-56.16666602;5.589;4.494;10
265.3536363;-12.87530527;4.31;4.228;10
247.5550013;21.48961075;3.7;2.77;2.13
61.64601079;50.35126151;4.31;4.29;4.21
112.2779953;31.78454925;4.5;4.18;3.86
102.4602463;-32.50847884;3.68;3.89;3.91
16.52099799;-46.71841069;4.19;3.3;2.59
144.2720324;81.32638087;5.736;4.255;10
138.2999061;-69.7172076;1.69;1.69;1.63
89.98374136;45.93673492;5.97;4.25;2.56
169.6197384;33.09430607;4.89;3.49;2.43
254.4170729;9.37502902;4.36;3.2;2.36
316.4867853;-17.23286284;4.06;4.07;4.06
161.6923962;-49.42025994;3.59;2.69;2.01
200.1492201;-36.71230458;2.76;2.73;2.68
260.206924;-12.84687607;4.361;4.324;10
216.5450574;-45.37927841;4.76;4.35;10
78.63446707;-8.20163836;0.1;0.13;0.13
341.6328246;23.5656561;5;3.93;3.16
337.3826173;47.7069059;6.05;4.37;2.98
332.5499526;6.197921588;3.62;3.55;3.5
261.5925689;-24.17530695;4.437;4.153;10
219.9020583;-60.83399269;0.72;0.01;10
340.6668761;-46.88457644;3.73;2.11;0.2
263.4021672;-37.10382355;1.49;1.63;10
91.03006433;23.26334447;5.02;4.15;3.47
310.3579798;45.28033881;1.34;1.25;1.14
101.322352;12.89559496;3.79;3.36;2.97
135.0225406;-41.25360734;5.088;4.446;10
281.1931545;37.60512165;4.55;4.36;4.21
102.0477297;-61.94138912;3.46;3.23;10
263.0541592;86.58645961;4.367;4.336;10
319.6448847;62.58557446;2.68;2.46;2.22
28.27043924;29.57881867;3.9;3.42;3
337.6219196;43.12337646;4.4;4.511;10
125.1605795;-77.4844792;5.504;4.337;10
291.35;20.1833;3.93;3.6;10
109.2856533;-37.09747115;4.32;2.7;1.46
64.94834968;15.62764205;4.64;3.65;4.83
74.32165746;53.75210201;4.416;4.433;10
257.5944336;-15.7251428;2.564;2.463;10
74.24841676;33.16609377;4.22;2.69;1.63
218.1543961;-50.45714824;4.24;4.423;10
329.4794731;-54.99257612;4.68;4.4;10
81.1192392;-2.397146951;3.42;3.59;10
87.73996785;-35.76830962;4.28;3.12;2.27
41.97725865;29.24711827;5.63;4.51;3.72
286.5622444;-4.882562746;3.34;3.43;3.46
168.5600236;15.42957109;3.33;3.35;3.32
136.0386652;-47.09773508;4.95;3.75;2.93
156.5226089;-16.8362886;5.29;3.81;2.7
17.77567539;55.14989972;4.51;4.33;4.16
86.93912017;-9.669604919;1.88;2.06;2.09
271.4520337;-30.42408985;4;2.99;2.26
311.3223965;61.83878173;4.32;3.41;2.76
86.19320832;-65.7354981;4.57;4.36;4.1
89.88217887;44.94743257;1.93;1.9;1.82
297.6413389;32.91404876;6.06;4.24;1.81
297.6958273;8.8683212;0.98;0.76;0.62
193.6484344;-57.1779247;3.87;4.04;4.14
219.90208;-60.83397;0.4;-0.1;10
2.09691619;29.09043112;1.95;2.06;2.09
272.1895497;20.81455683;4.177;4.347;10
7.88945;-62.965564;4.611;4.488;10
220.2873341;13.72828106;4.56;4.51;10
355.1021156;44.33393296;4.06;4.14;4.15
216.299154;51.85074367;4.56;4.05;3.64
83.70515678;9.489586217;4.26;4.41;4.42
45.5698878;4.08973877;4.17;2.53;1.18
53.44698288;-21.63288448;4.15;4.25;10
161.4458597;-80.54018818;4.258;4.433;10
114.7077947;-26.80384716;4.26;4.429;10
207.4041195;-42.47373341;3.27;3.43;3.41
125.6284802;-59.50948419;3.13;1.86;10
99.47258909;-18.23748069;5.6;4.43;3.56
131.593935;-13.54772365;5.22;4.32;3.64
87.83040012;-20.87909185;4.83;3.85;2.99
95.94202257;4.592882361;4.583;4.398;10
292.6803507;27.9596928;4.63;3.2;10
153.4342525;-70.03790645;3.25;3.33;3.29
299.9340791;-35.27630832;4.22;4.37;10
283.8292;-30.5453;4.5;3.6;10
115.3117999;-9.551132713;4.95;3.93;3.16
208.6711622;18.39772072;3.25;2.68;2.24
53.23268538;-9.458260971;4.61;3.73;3
184.609342;-64.00308537;3.9;4.05;10
147.8694791;-14.84662871;5.03;4.11;3.42
201.3064076;54.98795966;4.18;4.01;3.85
62.9664127;-6.837579624;4.357;4.026;10
219.4717757;-49.42582829;3.9;4.05;4.14
318.9559882;5.247891952;4.446;3.933;10
294.1803238;-1.286599615;4.28;4.36;4.34
125.6286496;-59.5095554;3.93;3.85;10
116.3289578;28.02619889;2.14;1.14;0.39
230.3429743;-40.64753037;2.995;3.19;10
176.4017279;-66.7287577;3.81;3.65;3.51
152.0929624;11.96720878;1.24;1.4;1.37
122.3721564;-47.3452815;3.995;4.173;10
177.7862133;-45.17346992;5.76;4.46;3.52
82.8031145;-35.4705066;5.01;3.87;3.05
5.017744306;-64.87479366;4.8;4.23;3.73
83.848;-4.486;10;4.2;10
43.5644905;52.76246743;4.71;3.96;3.33
233.8815784;-14.78953551;4.93;3.91;3.2
115.828032;28.88350884;5.41;4.29;3.37
337.2078601;-0.020544972;4.89;4.49;10
6.550838932;-43.67983066;4.11;3.94;3.78
58.53301031;31.88363368;2.97;2.85;2.71
69.53942456;12.51083696;4.39;4.27;4.13
182.9129989;-52.36844012;3.81;3.96;4.05
40.82517159;3.235824146;3.617;3.54;10
271.8374369;9.563846727;3.85;3.73;3.59
94.9057193;59.010981;4.462;4.434;10
46.29414106;38.84027619;5.04;3.39;1.59
246.7960067;-47.55479365;4.439;4.521;10
139.2725286;-59.27523203;2.44;2.26;2.02
281.7936426;-4.747873045;5.31;4.22;3.43
182.0217594;-50.66127096;4.32;4.47;4.53
58.57292417;-2.9547343;5.13;4.45;3.86
67.16559005;15.87087465;3.6;3.41;5.43
84.68652243;-2.600078661;3.58;3.79;3.87
233.7851616;-41.16679195;3.3;3.48;10
69.54510425;-14.30398315;5.03;3.89;10
241.3592999;-19.80545278;2.55;2.62;2.6
319.3539678;39.39467973;4.37;4.24;4.06
222.6763575;74.15550394;3.55;2.08;0.97
233.671952;26.714685;2.22;2.24;2.21
354.9876692;5.626292753;4.62;4.12;3.68
309.3872554;14.59508875;4.07;3.63;3.23
311.0097249;-51.92097035;4.767;4.495;10
137.2177374;51.60464775;4.75;4.48;4.21
284.9056516;15.06828104;5.1;4.02;3.26
154.9931273;19.84148522;3.79;2.37;10
230.45154;-36.26137329;5.076;3.546;10
55.73122002;47.78749674;2.89;3.01;2.99
122.1485337;-2.983787661;5.3;4.33;3.6
131.6772844;-56.76977625;4.31;4.49;4.59
297.0431269;70.2679303;4.83;3.91;10
238.456408;-16.72929705;5.17;4.16;3.44
30.0012853;-21.07783167;5.58;4.02;2.76
63.81799841;-7.652869661;5.25;4.43;3.74
176.6284285;-61.17839961;5.01;4.1;10
95.67493897;-17.95591871;1.73;1.97;2.11
342.5008045;24.60158128;4.42;3.48;2.8
348.1375146;49.4062072;4.81;4.52;4.23
39.8973402;-68.26694668;4.047;4.096;10
113.6494716;31.88828222;1.62;1.58;1.51
76.36526836;-22.37103449;4.64;3.18;2.08
207.3693387;15.79790464;5.59;4.07;2.87
32.38594634;34.98729706;3.14;3;2.86
27.86513062;-10.33503107;4.86;3.72;2.92
215.759328;-39.51181793;4.24;4.42;4.53
303.8680176;47.71422609;5.5;3.98;2.78
203.6732973;-0.595816416;3.5;3.38;3.31
176.4648317;6.529374721;5.54;4.04;2.79
162.4062011;-16.19364706;4.35;3.11;2.17
257.1966155;65.71464533;3.06;3.17;3.23
214.0036178;-6.000547079;4.6;4.08;10
22.09136952;-43.31823474;4.99;3.42;10
83.78448367;9.934164257;3.48;3.47;10
230.182098;71.83402545;3.067;3.002;10
248.5257601;42.43700949;4.177;4.196;6.02
151.8573432;35.24469587;4.67;4.49;4.31
40.8251629;3.23581638;3.56;3.47;3.36
88.59576246;20.27617279;5;4.4;3.9
296.5649123;10.61325872;4.23;2.72;1.65
285.6530427;-29.8800633;2.69;2.59;10
104.0342691;-17.05423863;4.297;4.385;6.4
341.6732494;12.17288579;4.69;4.2;3.73
102.4840381;-50.6145387;4.13;2.93;10
302.1817036;-66.18206744;4.32;3.56;2.95
252.5408784;-34.29323159;3.45;2.29;1.43
117.3095733;-46.37319965;3.93;4.11;4.19
78.07462744;-11.86910091;4.35;4.45;10
42.27257877;-32.40589778;5.45;4.46;3.7
29.6922441;-61.56982215;3.13;2.84;2.55
253.725;-40.7333;10;3.4;10
200.9814262;54.92535988;2.271;2.22;2.1
108.1401047;-46.75930461;4.81;4.49;4.17
274.4068217;-36.76169016;4.67;3.11;1.55
154.2707314;-61.33230464;4.899;3.35;10
222.7196379;-16.04177652;2.9;2.75;2.61
14.17721289;60.71674002;2.29;2.39;2.32
17.91507153;30.08963793;5.605;4.511;10
28.4114138;-46.30266927;6;4.41;2.68
311.2395566;-66.20321158;3.577;3.408;10
56.58160786;23.94835894;4.12;4.18;10
101.9651995;2.412176392;5.58;4.47;3.68
292.4264926;51.72977792;3.899;3.755;10
82.69604602;5.948145281;4.32;4.46;10
197.9683076;27.87818397;4.84;4.25;3.77
68.91360921;10.16075323;4.412;4.25;10
258.7618094;36.80916155;4.61;3.18;2.22
114.8254979;5.22498756;0.79;0.37;-0.05
180.7562527;-63.31292866;4.56;4.32;10
271.6577841;-50.09147988;3.58;3.66;10
246.7559815;-18.45624999;4.71;4.43;3.97
129.4109707;-42.98908063;4.24;4.14;3.98
286.735013;-27.67041564;4.51;3.31;2.44
17.0961691;-55.24576;3.908;4.014;10
209.6697862;-44.80358582;3.67;3.87;4.01
7.886116901;-62.95821746;4.249;4.289;10
296.84694;18.53431357;5.12;3.81;2.37
95.98795783;-52.69566138;-0.59;-0.74;-0.96
343.1536419;-7.579596924;5.44;3.79;2.37
241.0922274;-11.3731039;4.64;4.17;10
17.3755234;47.24179429;4.18;4.25;4.22
36.74634213;-47.70384066;4.11;4.25;4.28
342.3979208;-13.59262854;5.57;3.98;2.79
49.87916937;-21.7578654;5.32;3.7;2.12
239.3968808;26.87787963;5.36;4.13;3.27
84.41118926;21.14254411;2.84;3.03;3.06
67.14374134;15.96228366;4.78;3.84;5.48
184.5867696;-79.31223407;4.104;4.229;10
211.6706147;-36.36995474;3.04;2.05;1.29
240.030533;-38.39670506;3.19;3.41;10
207.3613414;-34.45077353;5.69;4.19;2.06
137.8196751;-62.31697773;3.774;3.943;10
95.9425;4.5956;4.51;4.31;4.12
89.93029218;37.21258463;2.54;2.62;2.62
111.0237595;-29.30310551;2.37;2.45;2.38
30.51175823;2.763771961;4.06;4.11;10
92.9849877;14.20876726;4.31;4.48;4.53
340.7505369;30.22121471;3.81;2.95;2.31
305.9650575;32.19013379;5.77;4.44;3.43
215.1393016;-37.88529206;4.006;4.034;6.13
287.5073197;-39.34079269;5.281;4.095;10
336.8331795;-64.96636021;4.48;4.49;6.29
134.8018901;48.04182614;3.33;3.14;2.92
85.18969643;-1.942572322;1.79;1.9;10
50.08484196;29.04845766;6.02;4.47;3.27
194.00694;38.31837644;2.76;2.88;2.98
130.025597;-35.30835511;4.885;3.954;10
24.42852283;-57.23675281;0.3;0.46;0.49
78.32283087;2.861239207;5.72;4.48;3.59
214.7774695;-13.3710913;4.66;4.52;10
101.499;-20.716;4.89;4.5;10
311.3380386;57.57971652;5.05;4.51;10
83.85827581;-5.909888524;2.53;2.77;10
182.5311691;-22.61976722;4.32;2.98;2.05
191.9302866;-59.688772;1.02;1.25;1.38
338.839089;-0.117497407;3.95;4.03;4.06
233.7849104;-41.16676775;3.33;3.51;10
272.8073385;-45.95441177;5.518;4.508;10
188.435601;41.35747815;4.86;4.25;3.73
343.9870841;-32.53962394;5.172;4.208;10
224.7903539;-42.10419637;2.93;3.11;10
237.704022;4.477730971;3.844;3.693;10
44.56834883;-40.3046962;4.2;4.11;10
281.755143;18.18151606;4.49;4.36;4.19
64.00661093;-51.48664798;4.55;4.2;10
303.407951;46.74132267;5.08;3.8;2.83
266.9731691;2.707279122;3.8;3.75;3.71
167.4158679;44.49848775;4.15;3.01;2.18
219.8960963;-60.83752757;2.21;1.33;10
66.58654509;15.61830114;4.758;4.48;5.96
252.9676181;-38.04739946;2.82;2.98;10
167.9144947;-22.82584805;4.475;4.449;10
26.3484384;9.157750733;5.22;4.26;3.53
235.3877279;19.67039944;4.563;4.505;10
188.5968122;-23.39676022;3.52;2.64;2.03
56.3020833;24.46727376;4.19;4.3;4.3
142.8054923;-57.03437645;4.691;3.139;10
302.8261945;-0.821463594;3.15;3.22;3.29
154.1725632;23.41731699;3.72;3.41;3.09
85.18969443;-1.94257359;1.56;1.77;1.85
245.2971488;-25.59279208;3.02;2.89;1.69
81.28276356;6.34970326;1.42;1.64;1.73
249.2897502;-10.56708604;2.58;2.56;2.46
269.1515412;51.48889562;3.76;2.23;1.08
224.6330224;-43.13396385;2.46;2.68;2.78
21.45396446;60.23528403;2.81;2.68;2.53
247.8455603;-34.70436819;4.06;4.23;4.29
4.581905703;36.78522459;4.57;4.52;4.44
173.2504789;-31.85762444;4.47;3.54;2.84
191.5699956;-68.10809999;3.38;3.55;10
345.4802708;42.32601552;3.53;3.62;3.61
124.1288375;9.185543957;5;3.52;2.42
130.0733306;-52.9219099;3.44;3.63;10
322.889717;-5.571174828;3.71;2.89;2.29
118.3256562;-48.10293513;4.1;4.24;4.26
167.1474532;-58.97503863;5.09;3.83;2.86
124.6314686;-76.91972406;4.448;4.047;10
113.5132523;-22.29606755;4.94;4.39;10
304.4119547;-12.50821219;5.34;4.27;3.49
75.49222654;43.82331031;3.53;2.99;2.47
208.8849402;-47.28837451;2.33;2.55;2.69
114.7057298;-26.80175682;4.33;4.5;10
126.4341461;-66.1368879;4.896;3.759;10
225.4865096;40.39056857;4.47;3.52;2.85
349.3573185;-58.23570138;4.37;3.98;3.57
163.9033191;24.7497173;4.34;4.32;10
214.8509215;-46.05809426;3.355;3.529;10
70.11046426;-19.67149187;5.9;4.3;2.81
252.4464845;-59.04137935;5.306;3.744;10
333.9924037;37.74873523;5.61;4.15;3.15
150.553;-60.041;4.47;4.2;10
115.455246;-72.60609911;4.977;3.944;10
181.302216;8.733018577;5.11;4.12;3.38
117.3235565;-24.85978388;4.56;3.3;2.43
10.83837552;-57.4630635;4.35;4.361;10
220.9143232;-35.17366858;5.41;4.04;10
268.3822064;56.87264193;4.93;3.75;2.92
2.352667056;-45.74742391;4.89;3.87;3.11
8.249966182;62.93178142;4.3;4.16;4.02
240.0833554;-22.62170643;2.2;2.32;2.36
86.11579424;-22.44838549;4.07;3.6;3.15
89.38420857;-35.28328099;4.18;4.36;10
344.4126927;-29.62223703;1.25;1.16;1.11
206.8851573;49.31326673;1.67;1.86;1.98
260.924;30.4971;1.05;1.07;18.5
334.6254685;-60.25962954;4.18;2.82;1.76
65.73372983;17.54251383;4.74;3.76;5.56
143.2142956;51.67731481;3.64;3.18;2.74
107.7848763;30.24516377;5.68;4.42;3.45
177.4211139;-63.78847241;4.16;4.308;10
229.4576566;-30.14866647;5.43;4.33;3.52
170.2516858;-54.49102356;3.89;4.08;10
190.3793073;-48.95991232;2.84;2.82;10
89.78668787;-42.81513231;5.1;3.96;3.14
11.1813275;48.28436973;4.44;4.5;4.45
337.3173915;-43.4955616;5;3.97;3.22
260.5024139;-24.99954638;3.03;3.26;3.38
139.0503024;-57.54147114;5.941;4.318;10
343.1313757;-32.87546049;4.46;4.51;10
165.9319526;61.75103334;3.01;1.87;10
325.0226893;-16.6623712;3.98;3.67;3.47
57.14948851;-37.6201504;4.26;4.27;10
151.833135;16.76266332;3.39;3.41;3.32
0.490081132;-6.014070557;6.04;4.41;2.85
234.6640396;-29.77774878;3.481;3.642;10
116.1118492;24.39799647;4.49;3.57;2.86
56.80975276;-74.23896288;4.88;3.26;1.92
233.7852015;-41.16675687;2.586;2.765;10
288.1387557;67.66153866;4.07;3.07;2.37
10.684708;41.26875;4.36;3.44;10
250.3215043;31.6027187;3.43;2.8;2.31
100.9830298;25.13112719;4.39;2.98;2.01
75.85454611;60.44224554;4.95;4.02;3.33
320.5616499;-16.83454389;5.18;4.27;3.65
13.1583;-72.8003;2.79;2.2;10
144.9640061;-1.142810732;5.23;3.91;2.92
6.022329;-72.081444;10;4.09;10
311.5528012;33.97032834;3.52;2.48;1.73
221.562181;1.892883828;3.72;3.73;3.66
159.8266356;-55.60326798;5.28;4.267;10
120.5664038;2.334571902;5.63;4.38;3.39
45.597914;-23.62447172;4.25;4.09;3.96
326.1613968;25.64503776;4.553;4.135;10
247.3519154;-26.43200261;2.75;0.91;-0.64
306.4119044;-56.73508973;1.791;1.918;10
318.2341083;30.22689868;4.2;3.21;2.52
225.7251565;2.091304361;5.44;4.4;3.59
188.01761;-16.19600517;4.658;4.294;10
136.9989911;-43.43259091;3.86;2.21;0.97
183.786327;-58.74892408;2.568;2.752;10
290.8047399;-44.7997788;4.601;4.27;10
346.9743907;75.38749863;5.21;4.41;10
176.9963998;20.21893056;5.07;4.52;10
326.1278992;17.35001747;5.52;4.35;3.53
346.1902227;15.20526715;2.44;2.48;2.47
34.32861364;33.84719682;4.02;4;10
113.6494285;31.88827619;10;1.9;10
288.4395351;39.14596601;4.243;4.398;10
275.264094;72.73284772;4.07;3.58;3.14
87.87237274;39.14852391;5.09;3.95;3.15
220.4823158;-47.38819875;2.126;2.286;10
349.2914046;3.282290469;4.62;3.7;2.98
281.4155237;20.54630919;4.65;4.19;3.8
81.11923634;-2.39714754;3.18;3.35;3.44
318.6978855;38.04531782;4.12;3.73;3.38
188.1167205;-72.13298979;3.73;3.88;3.91
213.9153003;19.18240916;1.18;-0.05;-1.03
83.0531318;18.5942366;6.41;4.33;2.55
67.15416773;19.18043421;4.54;3.53;10
310.8647231;15.07457868;4.701;4.417;10
169.5454215;31.52916086;4.79;4.25;10
133.7618671;-60.64460951;3.74;3.8;10
46.19925046;53.50646183;3.63;2.93;2.34
332.0958806;-32.98846991;4.55;4.5;4.43
254.8960338;-53.16043787;5.489;4.05;10
177.6738271;1.76472265;4.15;3.6;3.13
332.7136571;58.20126183;4.9;3.35;2.27
104.6564532;-28.97208616;1.29;1.5;1.59
88.79293899;7.407064;2.27;0.42;-1.17
247.7284118;1.983905135;4.18;4.15;10
14.18837115;38.49933427;3.99;3.87;3.72
158.8970744;-57.5576336;6.043;4.43;10
142.6749982;-40.46673935;3.96;3.6;3.24
254.6550507;-55.99014453;4.701;3.076;10
165.5823986;20.17984005;4.452;4.398;10
332.4968459;33.17822233;4.75;4.29;3.9
298.1182038;1.005658883;4.61;3.8;10
190.3793337;-48.95987152;2.16;2.17;2.14
42.67420822;55.89549437;5.48;3.79;2.56
100.9970298;13.2279999;5.65;4.49;3.63
271.3636883;2.50009883;4.89;4.03;3.38
201.0020112;-64.53566986;5.35;4.52;10
172.8509236;69.33107573;5.47;3.85;2.54
56.07972404;32.28824649;3.91;3.91;3.71
266.8961645;-40.12699736;3.492;2.992;10
304.513565;-12.54485212;4.51;3.58;2.91
3.308968121;15.18359843;2.61;2.84;2.94
214.09591;46.08830429;4.26;4.18;4.16
52.7182399;12.93666964;5.23;4.1;3.33
39.87065353;0.328508665;3.85;4.07;10
106.0272135;20.57029847;4.58;3.79;10
202.7610691;-39.40730528;5.04;3.88;3.04
156.9708317;36.70721001;5.11;4.21;3.52
14.65149694;-29.35745339;4.09;4.27;4.3
220.2872982;13.72830463;3.83;3.78;10
25.9151582;50.68873142;4.02;4.06;3.9
326.3621881;61.12080561;4.81;4.29;3.79
264.3966658;-15.39855576;3.788;3.519;10
91.89302135;14.76847521;4.24;4.397;10
158.0061045;-61.68533195;3.18;3.27;3.22
300.7044619;67.87356411;5.81;4.5;3.57
131.693801;6.41880152;4.06;3.38;2.78
290.4181661;-17.84719859;4.15;3.93;3.74
307.3488981;30.36855529;4.42;4.01;3.65
353.2427529;-37.81828488;4.28;4.37;4.37
227.2108869;-45.27986138;3.88;4.05;10
239.221155;-29.21407444;3.66;3.86;3.97
300.1481314;-72.9105036;3.927;3.94;10
241.8513626;-20.86876443;5.17;4.33;3.68
228.8756784;33.31483124;4.44;3.49;2.76
48.01887418;-28.98762199;4.51;3.98;3.39
59.46349742;40.01019978;2.71;2.89;2.96
141.8968446;-8.65859953;3.42;1.97;0.93
82.69604545;5.94813679;4.07;4.2;4.26
72.46004669;6.961277951;3.63;3.19;2.77
93.84453491;29.49807648;5.36;4.35;3.55
237.184905;18.14156491;5.71;4.09;2.84
71.37563095;-3.254659811;3.87;4;10
193.9008693;3.397468904;4.97;3.38;1.86
21.00584701;-8.183260897;4.65;3.59;2.83
185.3400339;-60.40114813;4.98;3.57;10
241.35929;-19.80539;2.43;2.5;10
247.7848624;-16.61273087;5.19;4.27;3.62
89.88174341;54.28473796;4.73;3.72;2.95
266.6147804;27.72071138;4.17;3.42;2.89
122.839556;-39.61854411;6.03;4.42;3.22
294.1105545;50.22110139;4.86;4.48;4.13
328.4821513;-37.36487222;2.89;3.01;3.06
239.7129718;-26.11410795;2.71;2.91;3
220.4899606;-37.7934945;3.83;4;4.11
12.27622748;57.81517729;4.02;3.44;2.94
103.5474953;-12.0386281;5.51;4.08;2.95
165.9319647;61.75103469;2.86;1.79;0.98
269.7566342;-9.773633605;4.33;3.34;2.64
153.683982;-42.12194134;3.9;3.85;3.83
66.34235197;22.29387109;4.366;4.201;10
109.2075915;-67.95715268;4.78;3.99;3.33
170.2841407;6.02932167;3.984;4.04;10
52.26722037;59.94033366;4.63;4.22;3.84
122.2568183;-19.24503397;4.239;4.393;10
28.98941569;-51.60887759;4.55;3.71;10
93.71388839;-6.274776779;5.27;3.96;2.99
242.1924009;44.93490593;4.2;4.27;4.27
125.7087893;43.1881306;5.8;4.25;3.05
264.1368964;-38.63524774;5.357;4.267;10
107.1869404;-70.4989304;4.774;3.746;10
245.9978597;61.51420976;3.65;2.74;2.12
42.49597184;27.26050723;3.498;3.594;10
351.9920611;6.378992306;5.38;4.3;3.5
293.5223041;7.378940092;5.63;4.45;3.55
173.9453254;-63.01983499;3.1;3.14;3.1
187.4660632;-16.51543126;2.89;2.94;2.99
22.87086745;15.34583184;4.6;3.62;2.9
222.5721179;-27.96036123;5.81;4.41;3.33
80.8942;-69.7561;10;0.4;10
83.792;9.813;10;2.8;10
123.5122057;-40.34786714;5.61;4.44;3.6
79.4016264;-6.84440744;3.47;3.59;10
60.78907978;5.989300702;3.924;3.883;10
63.50047593;-42.29436854;4.96;3.86;3
295.0241305;18.01389073;5.16;4.38;3.79
183.8564994;57.03261698;3.41;3.32;3.25
107.0978502;-26.39319958;2.52;1.84;1.33
215.0814278;-56.38649549;4.47;4.35;4.2
52.64368903;47.99521635;5.71;4.36;10
221.2467398;27.07422232;3.61;2.45;10
47.37418183;44.85745829;4.79;3.81;3.07
121.8860368;-24.30432443;3.24;2.81;2.46
131.6742518;28.75989314;4.996;4.018;10
291.3745891;3.11477947;3.68;3.36;3.11
37.95456067;89.26410897;2.62;2.02;1.53
258.0383087;-43.23918953;3.74;3.33;2.97
216.8814361;75.69599431;5.664;4.235;10
16.52123031;-46.71849869;4.9;4;10
234.5133623;-42.56733569;5.75;4.33;3.3
97.04253342;-32.58006834;4.31;4.48;4.54
83.00166706;-0.29909511;2.02;2.41;2.32
22.81293373;-49.07270281;4.918;3.935;10
253.87498;-40.83333;10;3.4;10
78.30782096;-12.94129246;4.35;4.44;10
117.021536;-25.93716961;4.43;4.49;4.37
319.4795244;34.89689596;4.32;4.42;4.37
244.9600929;-50.155506;5.1;4.02;3.24
189.4256837;-48.54130536;3.91;3.86;3.81
142.6746907;-40.46683083;4.25;3.91;10
276.7434018;-45.96845775;3.299;3.463;10
224.2958287;-4.346458684;4.81;4.49;4.17
299.6892843;19.49214613;5.04;3.47;2.27
283.8337597;43.94608958;5.59;4;1.95
137.7420221;-58.96690056;3.25;3.4;10
286.3525334;13.86347728;3;2.99;2.98
97.96402618;-23.4184222;4.09;4.33;4.45
311.934327;-5.027701148;6.11;4.44;2.97
108.15;-27.6667;10;-0.1;10
258.6618864;14.39037105;4.67;3.33;10
265.62198;-39.02998308;2.211;2.386;10
99.42796043;16.39928043;1.92;1.92;1.86
326.236707;-33.02578182;4.29;4.34;4.35
210.9554578;-60.37318301;10;3.95;10
346.7510864;9.409492729;6.08;4.52;3.25
282.5199798;33.36266677;3.42;3.42;3.31
266.4332817;-64.72387146;4.769;3.581;10
286.6046256;-37.0634417;4.73;4.21;10
337.8763772;-32.3460753;4.3;4.29;4.27
239.1132611;15.66161377;4.34;3.84;3.37
24.19933977;41.40545871;4.64;4.1;3.64
158.8671065;-78.60778854;5.7;4.12;2.86
193.3591321;-40.17891354;4.48;4.27;4.07
186.649567;-63.099092;1.1;1.28;10
354.3910116;46.45815131;4.84;3.82;3.04
299.0765493;35.08342289;4.91;3.88;3.19
312.9553772;-26.91913485;5.75;4.12;2.87
165.0386009;-42.22585844;4.5;4.39;4.26
262.77464;-60.68384496;3.52;3.62;10
57.36352608;-36.20025674;5.12;4.17;3.46
56.71203049;-23.2497228;4.65;4.2;10
72.65301037;8.900181169;4.36;4.35;4.29
34.12744205;-51.51216516;3.45;3.57;3.64
85.18988003;-1.943218622;3.55;3.73;10
229.727422;-68.67954667;2.89;2.89;10
176.5125586;47.77940424;4.9;3.72;2.84
86.73892235;-14.82195016;3.637;3.525;10
63.72443131;48.40933065;5.12;4.16;3.38
298.8283035;6.406764234;4.56;3.71;3.05
51.79225241;9.732741951;3.66;3.75;3.76
299.2368029;-27.16989701;5.98;4.528;10
189.2959079;-69.13556479;2.484;2.649;10
168.5270893;20.52371814;2.68;2.53;2.44
234.2560371;-28.13511046;4.979;3.589;10
247.7284298;1.98392248;3.94;3.9;10
9.638947629;29.31175323;5.25;4.38;3.7
76.96239535;-5.086496984;2.92;2.79;2.65
321.6108541;-65.36619807;4.7;4.22;3.75
218.8767673;-42.15782522;2.12;2.31;2.41
262.6846243;26.11064561;5.85;4.41;3.37
213.2239369;-10.27370346;5.53;4.21;3.14
169.8351973;-14.77853984;4.67;3.56;2.73
269.4411903;29.24787945;4.64;3.7;3.01
279.2347348;38.78368896;0.03;0.03;0.07
274.9654546;36.06454748;5.51;4.34;3.48
275.9245404;21.76975267;5.02;3.84;2.99
80.98678244;-7.808062597;5.08;4.12;3.4
171.2205151;-17.68401188;4.25;4.06;6.12
248.0341683;-21.46640337;4.56;4.45;4.32
136.2867213;-72.60270256;5.069;4.467;10
55.81208557;-9.763391932;4.46;3.54;2.82
104.0833;-24.73;3.02;2.6;10
318.6200638;10.00697941;4.99;4.49;4.06
31.7933571;23.46241755;3.17;2.01;1.15
142.9301239;22.96798129;5.85;4.31;3.09
260.9205607;37.14592403;4.476;4.51;10
131.1712466;18.15430807;5.02;3.94;3.16
292.680315;27.95967363;4.21;3.08;2.21
311.5238875;-25.27089819;4.538;4.122;10
83.81;-5.924;10;2.5;10
84.9122543;-34.07410972;2.53;2.65;2.65
235.6857056;26.29563438;4.01;4.05;10
7.889259603;-62.96559275;4.649;4.514;10
183.951545;-17.54193046;2.47;2.58;2.62
68.98016279;16.50930235;2.4;0.86;-0.37
119.2147597;-22.88011163;4.9;4.184;10
331.4459814;-0.319850955;3.9;2.94;2.27
248.9706369;-28.21601709;2.56;2.81;2.93
165.4603323;56.38243365;2.35;2.37;2.31
101.2871553;-16.71611586;-1.46;-1.46;-1.46
130.1542834;-59.76100475;4.182;4.313;10
253.0839388;-38.01753496;3.343;3.542;10
197.4874539;-5.539004065;4.385;4.397;10
322.1649869;70.56071519;3.01;3.23;3.33
148.1909042;26.00695119;5.1;3.88;2.97
25.35789226;5.487611635;5.81;4.44;3.38
236.0146607;77.79449312;4.316;4.274;10
147.7473252;59.03873362;4.1;3.81;3.47
130.806149;3.398661889;4.1;4.3;4.37
359.9790714;-65.57713262;4.38;4.47;4.45
28.38255387;19.29385555;4.49;4.52;10
207.3761521;-41.68770853;3.188;3.386;10
354.5341679;43.26807305;4.18;4.29;4.29
79.17232794;45.99799147;0.88;0.08;-0.52
90.5958197;9.647288306;4.43;4.3;4.15
156.7879193;-31.06777914;5.7;4.25;3.15
74.09281653;13.51446878;5.21;4.06;3.18
118.0542994;-40.57578173;4.717;3.696;10
226.2801457;-47.0510636;3.75;3.89;3.99
220.7650999;-5.658201377;4.26;3.88;3.48
78.1625;73.97472;10;4.2;10
118.1610287;-38.86281461;4.301;4.474;10
332.0582697;-46.96097438;1.58;1.71;1.75
84.05338894;-1.20191914;1.51;1.69;1.76
134.6216842;11.8576804;4.388;4.249;10
56.53556342;-12.10158848;6.04;4.42;3.08
11.8346905;24.26717855;5.18;4.06;3.21
210.431279;-45.60340961;4.92;4.33;3.82
133.8484425;5.94556521;4.1;3.1;2.39
331.752773;25.345099;4.2;3.77;3.36
267.4645037;-37.04327638;4.38;3.21;10
341.5146291;-81.38161444;4.333;4.128;10
200.6580546;-60.9883806;4.369;4.509;10
86.82119871;-51.06651143;4.03;3.86;3.74
331.6092806;-13.86968056;4.2;4.27;4.32
135.6116502;-66.39607456;4.144;3.99;10
298.8153948;-41.86830446;5.21;4.13;10
323.495221;45.5918389;4.91;4.02;3.31
330.9476656;64.62797113;4.81;4.45;5.66
296.2436606;45.13081002;2.85;2.87;2.88
131.5068514;-46.04152817;3.91;3.91;3.86
158.2027933;9.306584817;3.72;3.87;3.9
186.7344688;28.2684218;5.47;4.34;3.53
316.7819507;-25.00585264;6.11;4.5;3.22
211.0973233;64.37586962;3.64;3.68;10
346.7197061;-43.52035585;4.84;4.4;10
261.8386485;-29.86703482;4.672;4.269;10
330.9477291;64.62797577;4.63;4.29;3.97
317.3985347;-11.3716904;5.46;4.52;3.83
56.45670065;24.36774377;3.8;3.87;3.85
263.7336227;12.56003739;2.22;2.07;1.93
135.1603059;41.78302456;4.39;3.96;3.57
121.982477;-68.61706464;4.27;4.398;10
261.3485805;-56.37772633;3.21;3.34;10
145.2876341;9.892307896;4.01;3.52;3.11
66.00919306;-34.01684951;5.45;3.96;2.79
337.8229226;50.28249164;3.78;3.77;3.77
313.7024921;-58.45414476;4.9;3.65;10
9.242852031;53.89691044;3.47;3.66;3.74
262.9603814;-49.87614501;2.78;2.95;3.05
349.70599;-32.53202192;5.528;4.406;10
272.1450666;-63.66856198;4.57;4.328;10
195.5677357;-71.54885898;4.79;3.61;10
231.9573086;29.10569296;3.97;3.68;3.5
314.2934114;41.16713095;3.96;3.94;3.89
287.4409705;-21.02361398;3.22;2.88;2.54
195.5441542;10.95914872;3.71;2.79;2.16
276.9926697;-25.4216985;3.85;2.81;2.06
355.6806054;-14.54490553;4.448;4.484;10
44.10687185;-8.898143472;4.99;3.87;3.08
104.3191886;58.42276123;5.2;4.35;3.7
51.20332633;9.02886962;4.49;3.6;2.92
143.6110451;-59.22975195;4.09;4.09;4
305.2527775;-14.7814076;3.87;3.08;2.53
81.57297133;28.60745172;1.52;1.65;1.66
97.20445711;-7.03305837;3.59;3.74;3.75
182.0895735;-50.72242739;2.39;2.52;2.48
73.22362244;-5.452696321;4.64;4.4;10
348.5806593;-6.049006425;5.77;4.22;2.94
141.1635778;26.18232429;5.69;4.46;3.55
24.49815843;48.62821196;4.85;3.57;2.61
251.4926817;82.03725828;5.109;4.212;10
262.690988;-37.29581348;2.48;2.65;10
342.4200729;66.20040505;4.6;3.54;2.69
190.4151176;-1.449403952;3.1;2.74;2.45
211.5115335;-41.17963291;4.155;4.343;10
200.9846746;54.92180938;4.05;3.88;10
331.5286867;-39.54335301;5.843;4.458;10
146.7755071;-65.07200742;3.25;2.99;4.92
163.903339;24.74972842;4.478;4.477;6.04
56.8711523;24.10513565;2.78;2.87;2.84
182.1034053;-24.7288756;4.33;4.01;10
56.04992268;-64.80691413;4.968;3.833;10
325.8769148;58.78004609;6.43;4.08;1.98
283.568;36.899;4.58;3.8;10
143.7059617;52.05147922;4.501;4.463;10
322.4870602;23.63884029;6.088;4.509;10
191.5705971;-68.10787541;3.84;4;10
326.6983741;49.30957063;4.11;4.18;10
233.7006052;10.53885563;4.39;4.14;10
149.2155869;-54.56778819;3.35;3.45;3.51
10.89737874;-17.98660632;3.02;2.01;1.29
346.6701988;-23.74299002;5.37;4.47;10
250.3191979;31.60458388;3.52;2.88;10
30.85878517;72.42129412;3.953;3.938;10
178.4576972;53.69475973;2.45;2.44;2.44
244.9351533;46.3133617;3.73;3.87;4
6.57104752;-42.30598719;3.47;2.38;10
59.74126013;35.79103042;4.08;4.06;3.88
73.56290435;2.440671658;3.54;3.73;3.79
210.9558556;-60.37303516;10;0.58;10
340.1639511;-27.04361529;4.071;4.177;10
99.17099033;-19.2558804;5.011;3.91;3.13
311.9189566;-9.495776927;3.77;3.77;3.7
170.9810551;10.52950625;4.41;4.01;10
70.14046881;-41.86375126;4.79;4.45;4.11
169.1654157;-3.651603208;4.654;4.45;10
17.18699431;86.25709067;5.459;4.225;10
289.2757013;53.36845828;4.73;3.76;3.13
109.5232455;16.54038599;3.674;3.559;10
142.3113317;-35.95133744;5.95;4.51;3.5
156.867;-57.626;4.79;4.3;10
124.6388044;-36.65928922;4.68;4.4;4.24
75.61951435;41.07583199;4.97;3.75;2.62
35.43725986;-68.65941859;4.12;4.09;4.05
60.17006989;12.49034444;3.29;3.41;3.44
72.80152405;5.60510385;3.5;3.68;3.74
140.5284067;-55.01066713;2.324;2.473;10
181.7204089;-64.6137307;4.47;4.136;10
276.0429934;-34.38461649;1.82;1.81;10
207.9566693;-32.99408495;4.377;4.52;10
184.3928152;-67.96073681;5.6;4.02;2.12
275.189301;71.33781941;4.15;4.22;10
9.831679638;30.86098358;4.56;3.28;2.36
238.7856753;-63.43072654;3.14;2.85;2.53
151.9845157;-0.371670368;4.45;4.49;10
273.4408702;-21.05883169;4.07;3.85;3.58
174.2372115;-0.823749942;5.31;4.3;3.58
258.7579607;24.83920697;3.21;3.13;3.08
